 1.000E-02 3.921E-04 
 1.250E-02 5.740E-04 
 1.500E-02 7.849E-04 
 1.750E-02 1.024E-03 
 2.000E-02 1.289E-03 
 2.500E-02 1.896E-03 
 3.000E-02 2.599E-03 
 3.500E-02 3.394E-03 
 4.000E-02 4.276E-03 
 4.500E-02 5.240E-03 
 5.000E-02 6.283E-03 
 5.500E-02 7.402E-03 
 6.000E-02 8.594E-03 
 7.000E-02 1.118E-02 
 8.000E-02 1.403E-02 
 9.000E-02 1.712E-02 
 1.000E-01 2.042E-02 
 1.250E-01 2.958E-02 
 1.500E-01 3.985E-02 
 1.750E-01 5.106E-02 
 2.000E-01 6.309E-02 
 2.500E-01 8.920E-02 
 3.000E-01 1.175E-01 
 3.500E-01 1.474E-01 
 4.000E-01 1.787E-01 
 4.500E-01 2.109E-01 
 5.000E-01 2.440E-01 
 5.500E-01 2.777E-01 
 6.000E-01 3.119E-01 
 7.000E-01 3.814E-01 
 8.000E-01 4.519E-01 
 9.000E-01 5.230E-01 
 1.000E+00 5.945E-01 
 1.250E+00 7.735E-01 
 1.500E+00 9.519E-01 
 1.750E+00 1.129E+00 
 2.000E+00 1.304E+00 
 2.500E+00 1.649E+00 
 3.000E+00 1.985E+00 
 3.500E+00 2.315E+00 
 4.000E+00 2.637E+00 
 4.500E+00 2.952E+00 
 5.000E+00 3.262E+00
