 1.000E-02 3.921E-04 
 1.250E-02 5.740E-04 
 1.500E-02 7.849E-04 
 1.750E-02 1.024E-03 
 2.000E-02 1.289E-03 
 2.500E-02 1.896E-03 
 3.000E-02 2.599E-03 
 3.500E-02 3.394E-03 
 4.000E-02 4.276E-03 
 4.500E-02 5.240E-03 
 5.000E-02 6.283E-03 
 5.500E-02 7.402E-03 
 6.000E-02 8.594E-03 
 7.000E-02 1.118E-02 
 8.000E-02 1.403E-02 
 9.000E-02 1.712E-02 
 1.000E-01 2.042E-02 
 1.250E-01 2.958E-02 
 1.500E-01 3.985E-02 
 1.750E-01 5.106E-02 
 2.000E-01 6.309E-02 
 2.500E-01 8.920E-02 
 3.000E-01 1.175E-01 
 3.500E-01 1.474E-01 
 4.000E-01 1.787E-01 
 4.500E-01 2.109E-01 
 5.000E-01 2.440E-01 
 5.500E-01 2.777E-01 
 6.000E-01 3.119E-01 
 7.000E-01 3.814E-01 
 8.000E-01 4.519E-01 
 9.000E-01 5.230E-01 
 1.000E+00 5.945E-01 
 1.250E+00 7.735E-01 
 1.500E+00 9.519E-01 
 1.750E+00 1.129E+00 
 2.000E+00 1.304E+00 
 2.500E+00 1.649E+00 
 3.000E+00 1.985E+00 
 3.500E+00 2.315E+00 
 4.000E+00 2.637E+00 
 4.500E+00 2.952E+00 
 5.000E+00 3.262E+00 
 5.500E+00 3.565E+00 
 6.000E+00 3.864E+00 
 7.000E+00 4.445E+00 
 8.000E+00 5.007E+00 
 9.000E+00 5.552E+00 
 1.000E+01 6.082E+00 
 1.250E+01 7.344E+00 
 1.500E+01 8.529E+00 
 1.750E+01 9.646E+00 
 2.000E+01 1.070E+01 
 2.500E+01 1.267E+01 
 3.000E+01 1.445E+01 
 3.500E+01 1.610E+01 
 4.000E+01 1.762E+01 
 4.500E+01 1.903E+01 
 5.000E+01 2.035E+01 
 5.500E+01 2.159E+01 
 6.000E+01 2.276E+01 
 7.000E+01 2.492E+01 
 8.000E+01 2.686E+01 
 9.000E+01 2.863E+01 
 1.000E+02 3.026E+01 
 1.250E+02 3.384E+01 
 1.500E+02 3.687E+01 
 1.750E+02 3.950E+01 
 2.000E+02 4.183E+01 
 2.500E+02 4.579E+01 
 3.000E+02 4.909E+01 
 3.500E+02 5.192E+01 
 4.000E+02 5.439E+01 
 4.500E+02 5.659E+01 
 5.000E+02 5.857E+01 
 5.500E+02 6.036E+01 
 6.000E+02 6.201E+01 
 7.000E+02 6.494E+01 
 8.000E+02 6.749E+01 
 9.000E+02 6.974E+01 
 1.000E+03 7.177E+01  
